1
1
1
1
1
1
1
1
1
1
1
1
1
1
1
1
1
1
1
2
2
2
2
2
2
2
3
3
3
3
3
3
4
5
6
7
7
7
7
7
7
9
10
11
11
12
12
13
13
13
14
14
15
16
16
16
16
16
16
16
16
16
16
17
17
17
20
20
20
20
21
21
21
21
22
22
22
23
23
24
24
24
25
25
25
25
25
26
26
27
28
28
28
29
29
29
30
30
30
30
30
31
31
31
31
31
32
32
33
33
33
33
33
34
35
36
36
37
37
37
37
38
40
40
40
42
42
42
43
43
43
44
44
44
45
45
45
46
46
47
47
47
48
49
49
49
50
50
51
52
53
54
54
54
56
56
56
56
57
57
58
59
60
62
62
62
62
63
63
64
65
65
66
66
67
68
68
68
68
68
69
69
70
70
70
71
72
73
73
74
75
76
77
77
78
78
79
80
80
80
81
81
82
82
83
84
85
86
86
87
87
87
87
88
89
89
90
90
91
91
93
94
95
97
97
98
98
101
101
103
103
105
105
105
105
106
107
110
112
112
113
114
114
115
115
118
120
121
121
122
123
124
124
126
126
126
129
129
129
130
132
133
133
134
136
139
141
145
146
151
153
153
158
158
159
159
160
161
166
167
170
172
174
176
182
187
188
188
190
190
192
204
209
214
216
217
217
218
218
221
223
224
235
236
240
245
248
250
258
271
273
287
299
299
302
304
311
313
316
339
359
378
380
382
404
413
518
535
591
600
611
634
718
935
1000
